#face
bezier
222 42 166.8 116 300 138 256 40
bezier
222 42 228.4 8 254 20 256 40

move
-110 300 0
apply
ident

#neck
bezier
138 356 210 192 225 16 311 37
bezier
138 396 230 212 245 36 331 57


move
0 -40 0
apply

#ear1
bezier
81 391 83.5 332 104 327 121 334
#133 268 144 163 165 90 233 107
bezier
81 391 105.5 373 121 356 121 334
#133 268 205 226 260 179 233 107

#ear2
bezier
181 391 178.5 332 158 327 141 334
#337 276 241 227 234 158 233 107
bezier
181 391 156.5 373 141 356 141 334
#337 276 331 184 306 123 233 107

#eyes
circle
100 330 0 10
circle
120 330 0 10

#glasses
bezier
205 264 204 185 284 185 284 262
bezier
345 264 344 185 424 185 424 262
line
205 264 1 424 262 1


display
save
giraffe.png